start=177.044000
pause=yes
volume=66.000000
gamma=-6
aid=no
sid=2
