start=204.404000
volume=30.000000
