start=4.271000
pause=yes
volume=60.000000
fullscreen=no
aid=2
sid=2
